-6.650447981897416128e+01
-7.360123335958550683e+01
-7.363280328857528900e+01
-7.356533805736521003e+01
-7.347921707374071332e+01
-7.346355845566664300e+01
-7.341612044079563759e+01
-7.349892862112528746e+01
-7.383410462795653473e+01
-7.348592169855683665e+01
-7.370997221559731827e+01
-7.377991403060707398e+01
-7.362552185783437153e+01
-7.353919982476568862e+01
-7.351360155114979023e+01
-7.342652214970122770e+01
-7.383059916504819853e+01
-7.381620679679377872e+01
-7.348135308751690786e+01
-7.348639909015197702e+01
-7.363043982810282273e+01
-7.358702817893026804e+01
-7.361846974786078590e+01
-7.352857501754604641e+01
-7.337035436374745245e+01
-7.360823929469484028e+01
-7.349099194854115069e+01
-7.362471571638255341e+01
-7.346830777208474217e+01
-7.356496097270830603e+01
-7.331343201438920687e+01
-7.341809827201700500e+01
-7.359101914616481110e+01
-7.365249638506593044e+01
-7.400476541932989960e+01
-7.368622642919837062e+01
-7.366345981720959912e+01
-7.363033123988390116e+01
-7.369528944870384635e+01
-7.399842806672533868e+01
-7.361571614837573918e+01
-7.400577704713309402e+01
-7.403423530450854173e+01
-7.343776888694291927e+01
-7.352910007419457372e+01
-7.370985071422423118e+01
-7.346425295423976820e+01
-7.363405657911653179e+01
-7.379126585171420061e+01
-7.366783259172105147e+01
-7.376783944016365524e+01
-7.373614894679572274e+01
-7.349322783032185669e+01
-7.374377889386263973e+01
-7.389800147426457499e+01
-7.364975978508742571e+01
-7.328007631538591227e+01
-7.359089832184007207e+01
-7.366893393591037409e+01
-7.353596489285648374e+01
-7.380004070809589223e+01
-7.366982095069562320e+01
-7.386684156482273522e+01
-7.340494956464856102e+01
-7.357181889611921122e+01
-7.381056475955313090e+01
-7.365366488377175358e+01
-7.360212453453067383e+01
-7.375972870718069885e+01
-7.359406430783542419e+01
-7.383305294609996849e+01
-7.402135004774660842e+01
-7.378841274842355347e+01
-7.337727619251786848e+01
-7.368148633593636987e+01
-7.347646285869045357e+01
-7.364370661368793947e+01
-7.376687630156381204e+01
-7.360149178018669147e+01
-7.340846994005217141e+01
-7.357798924550110087e+01
-7.361396354465129832e+01
-7.344649700459562780e+01
-7.396699700190005444e+01
-7.386592371595159534e+01
-7.353333512154466689e+01
-7.350061098344900756e+01
-7.370483144991347046e+01
-7.348641033677381529e+01
-7.363875111502241566e+01
-7.345101385587472009e+01
-7.357528479051295278e+01
-7.360233398840050256e+01
-7.357847839904748355e+01
-7.376684477050955024e+01
-7.378825914743445935e+01
-7.385736789977309513e+01
-7.365976518612174573e+01
-7.339299082958282838e+01
-7.393758282643031521e+01
-7.403853071491583648e+01
-7.359559009379147199e+01
-7.370793114355180364e+01
-7.376181519856363877e+01
-7.363194010086033359e+01
-7.383770375370518479e+01
-7.382728177772813183e+01
-7.357250208413388748e+01
-7.380779766291004762e+01
-7.381552154724320758e+01
-7.364567481883783273e+01
-7.401696192127629104e+01
-7.347043141291271695e+01
-7.408218179784674362e+01
-7.371534996860847855e+01
-7.400843666509983620e+01
-7.363784969176967365e+01
-7.387947284485571231e+01
-7.355333521685304277e+01
-7.337124204951078354e+01
-7.392796098154599349e+01
-7.351388793803791089e+01
-7.358639226760405450e+01
-7.364578481541593646e+01
-7.358820091261299012e+01
-7.353319645265823112e+01
-7.376071960378935444e+01
-7.350980755940476286e+01
-7.381347860747862910e+01
-7.393393659451797362e+01
-7.374250090363197785e+01
-7.400777043449713233e+01
-7.360679847581936031e+01
-7.364364178358951563e+01
-7.399291541245628423e+01
-7.356184332557442929e+01
-7.378024247431265792e+01
-7.352066667611038042e+01
-7.381982641447700644e+01
-7.358740691594290695e+01
-7.353961000819695926e+01
-7.353187734569019085e+01
-7.365363418529881301e+01
-7.348305273604826482e+01
-7.355068009388713790e+01
-7.380626932306714139e+01
-7.369154335710962300e+01
-7.348922991961855189e+01
-7.342358337269614310e+01
-7.358061540423025804e+01
-7.380390958871703333e+01
-7.380567970220754148e+01
-7.366788108751772768e+01
-7.384274633995977410e+01
-7.381963573355608332e+01
-7.360772372329316227e+01
-7.374681995061402517e+01
-7.375839878043380793e+01
-7.368789886149644985e+01
-7.373029353795365637e+01
-7.366079802865465354e+01
-7.363038207477794117e+01
-7.390943934685152783e+01
-7.342150531633579646e+01
-7.364606663695505517e+01
-7.340766605261951838e+01
-7.394701149045694422e+01
-7.356184412225785252e+01
-7.383692959931131838e+01
-7.358161007504233453e+01
-7.387545183245903502e+01
-7.345551696899021010e+01
-7.364765495266682649e+01
-7.370354505642862364e+01
-7.361703399004997550e+01
-7.376837313945507901e+01
-7.371993037937022564e+01
-7.355634123204524144e+01
-7.371988334972724033e+01
-7.374534814970282071e+01
-7.406859810747920392e+01
-7.370592353368243721e+01
-7.373012978362788772e+01
-7.420208833194790543e+01
-7.356137053390062874e+01
-7.359866366049186581e+01
-7.364283562443199571e+01
-7.409192186317785911e+01
-7.361351551935888438e+01
-7.338207520408049334e+01
-7.360371440934559928e+01
-7.380987669025169851e+01
-7.327535562904701294e+01
-7.381781371987847251e+01
-7.408840675342311499e+01
-7.377918745773338571e+01
-7.373645131461390179e+01
-7.388077560191193527e+01
-7.353875716320096956e+01
-7.383240957767088730e+01
-7.375918445119232558e+01
-7.363943547197300177e+01
-7.380961194137287862e+01
-7.357615311430896554e+01
-7.380775524206603677e+01
-7.363244434480178313e+01
-7.378223575955840374e+01
-7.361153439997056580e+01
-7.400297518096120086e+01
-7.356880165943574923e+01
-7.342723139932724052e+01
-7.352366180788327199e+01
-7.356583394727950065e+01
-7.357873927182092189e+01
-7.364210285474472073e+01
-7.361708046944106343e+01
-7.386721953518936346e+01
-7.394751400599284352e+01
-7.357343546346761798e+01
-7.353009418223463456e+01
