-6.583056941740606760e+01
-7.246177365028601969e+01
-7.239703161749038429e+01
-7.231181508980667161e+01
-7.239455673890239495e+01
-7.247205013332745693e+01
-7.232493969297058811e+01
-7.251288101979965006e+01
-7.231766901274889392e+01
-7.252697014190343339e+01
-7.237834565165810830e+01
-7.230155130163504396e+01
-7.254550552234877614e+01
-7.230066581246822466e+01
-7.225087487693885180e+01
-7.230084621994826932e+01
-7.232326003237680823e+01
-7.242893632945988713e+01
-7.224567911119267194e+01
-7.244530201642420764e+01
-7.245444493175060074e+01
-7.259764488340132971e+01
-7.241292708050754356e+01
-7.250739027942994142e+01
-7.255378292440401822e+01
-7.221662033700268069e+01
-7.261715609042833819e+01
-7.236339336830158686e+01
-7.252906166968470814e+01
-7.239731936788454902e+01
-7.216025387438675409e+01
-7.237439890334778170e+01
-7.243403494736831760e+01
-7.227665085519367949e+01
-7.243511704537324647e+01
-7.235124950040449221e+01
-7.231493909158447764e+01
-7.225543702068216589e+01
-7.229352555714891082e+01
-7.249632133359827435e+01
-7.247570999877500242e+01
-7.213792833340133370e+01
-7.239733925790856972e+01
-7.276599760473342826e+01
-7.279851850101545097e+01
-7.260113275853900916e+01
-7.244801925237024420e+01
-7.274209246592944567e+01
-7.253612591092303319e+01
-7.227489054890804709e+01
-7.214277024463191879e+01
-7.231737768874315009e+01
-7.245513124025535490e+01
-7.256385667414645013e+01
-7.239257900427500658e+01
-7.254096185341657588e+01
-7.236429534257324292e+01
-7.240967285134502163e+01
-7.229942652596771779e+01
-7.241891916464339829e+01
-7.240294411028996535e+01
-7.261810820653360565e+01
-7.227411120823873603e+01
-7.256775330113491407e+01
-7.272319305992513705e+01
-7.246816930661086076e+01
-7.249468766444478263e+01
-7.262808216034223108e+01
-7.211275541870816141e+01
-7.247826634572162163e+01
-7.252653525231855269e+01
-7.234317792122345736e+01
-7.252039858815399498e+01
-7.242178908470786780e+01
-7.252040051134061116e+01
-7.225125460279991785e+01
-7.253226270550528909e+01
-7.214243936404986357e+01
-7.194520254192129016e+01
-7.174320790633534273e+01
-7.202787321446494673e+01
-7.198635658876085586e+01
-7.160067179238592416e+01
-7.218742179721881769e+01
-7.173194534216622742e+01
-7.182241930422415521e+01
-7.210641072944864050e+01
-7.191568189947523138e+01
-7.200719771849638562e+01
-7.198808939904323267e+01
-7.178997362876616251e+01
-7.171746623862003389e+01
-7.215670090958766991e+01
-7.176450805721482595e+01
-7.214353523515177358e+01
-7.214576525394322459e+01
-7.170459366466049289e+01
-7.175962429088937711e+01
-7.186743532642960020e+01
-7.186765663393005354e+01
-7.192577285289954148e+01
-7.192502940694933500e+01
-7.185514137379639976e+01
-7.172065980773477634e+01
-7.184952561559946105e+01
-7.190028615445217497e+01
-7.195994442531146262e+01
-7.168937349322868613e+01
-3.415621416915213615e+01
-3.414559843715825593e+01
-3.414799897543903739e+01
-3.415690256230340083e+01
-3.415636441368999954e+01
-3.425951289185978510e+01
-3.440392072056708628e+01
-3.429293862299844875e+01
-3.432136540758661170e+01
-3.434324186560763792e+01
-3.433808827317483292e+01
-3.431723588420964433e+01
-3.433914720823216982e+01
-3.433259256139611182e+01
-3.433481391266289506e+01
-3.433798525492311171e+01
-3.433974763464175339e+01
-3.433790958219593392e+01
-3.431918591489196757e+01
-3.432263334356467510e+01
-3.431402036415955337e+01
-3.433297776632280573e+01
-3.432297533932464262e+01
-3.433342553795809948e+01
-3.426641700783236644e+01
-3.423081300123780579e+01
-3.421126338395581001e+01
-3.425720280075363888e+01
-3.429573520364978378e+01
-3.431449331296180105e+01
-3.432100696734264034e+01
-3.434794124847193331e+01
-3.434383279868514904e+01
-3.432807249429383489e+01
-3.429120420887819165e+01
-3.427420755541147912e+01
-3.429231905196091645e+01
-3.428201090957782782e+01
-3.428168515894483903e+01
-3.427726938065569584e+01
-3.426755140669844479e+01
-3.426739738917732581e+01
-3.427608978066809442e+01
-3.428019923769204524e+01
-3.426180203171833938e+01
-3.428467876430873673e+01
-3.428574252161293145e+01
-3.427676463740669988e+01
-3.427045834016549009e+01
-3.429615816606442280e+01
-3.428964833126930500e+01
-3.429080280619460552e+01
-3.432268814504092802e+01
-3.434828964170822729e+01
-3.435494379725439273e+01
-3.434880577456136308e+01
-3.435099631997376690e+01
-3.434164007460344692e+01
-3.434592259915029189e+01
-3.433752033864594466e+01
-3.433701812892803673e+01
-3.433672867211116397e+01
-3.434120347498439685e+01
-3.433544011547121499e+01
-3.433142902748787151e+01
-3.433362386087867435e+01
-3.433740478340749291e+01
-3.433308344267769030e+01
-3.433657853797436132e+01
-3.433261215340740335e+01
-3.434658837147501487e+01
-3.434421623087111897e+01
-3.434012951318925388e+01
-3.434033951374135540e+01
-3.434892724823366450e+01
-3.434858664396325878e+01
-3.434958959103151699e+01
-3.436306562111069240e+01
-3.435501979581487575e+01
-3.434506306273994625e+01
-3.432476237523357554e+01
-3.432962031844019890e+01
-3.431045001431150610e+01
-3.429772021000037796e+01
-3.429285426450529428e+01
-3.430007152036101559e+01
-3.428902089902256023e+01
-3.430552111040263696e+01
-3.429733317307930207e+01
-3.430129072836550819e+01
-3.430784260163329691e+01
-3.431475903486387580e+01
-3.431769950960793381e+01
-3.433276190485901225e+01
-3.432801514174979474e+01
-3.432418946559926098e+01
-3.432251609283144944e+01
-3.433124701002309109e+01
-3.432156399733311503e+01
-3.432734174108838943e+01
-3.431433895828914160e+01
-3.432334050473622256e+01
-3.431872144604768238e+01
-3.431736065880619435e+01
-3.431720646540951947e+01
-3.431334782985815224e+01
-3.431093191550879595e+01
-3.431914324260437610e+01
-3.431577906769518904e+01
-3.431286154976071145e+01
-3.431773098941347655e+01
-3.432533303003876313e+01
-3.434214667671370336e+01
-3.432847711576890504e+01
-3.433961446002962958e+01
-3.434257180026577316e+01
-3.433972485750341974e+01
-3.434110508361688119e+01
-3.433340776163204566e+01
-3.435137135491137883e+01
-3.435358073787200084e+01
-3.434026295063439704e+01
-3.433245115947271131e+01
-3.433524270522634936e+01
-3.432952963263297619e+01
-3.433436137864762117e+01
-3.432817145967973005e+01
-3.433609556703653709e+01
-3.434061498130014201e+01
-3.435175455795396715e+01
-3.435711457519644085e+01
-3.435665826588372340e+01
-3.435395126194842419e+01
-3.435878083775064340e+01
-3.435738141875204121e+01
-3.435030406187409824e+01
-3.436730846495084535e+01
-3.434326102360500244e+01
-3.435247166465484270e+01
-3.435765296746950526e+01
-3.435214900886322198e+01
-3.434522978551564165e+01
-3.433460242184376909e+01
-3.434160131901727908e+01
-3.433355076905461090e+01
-3.434367347179923513e+01
-3.435146444913851127e+01
-3.435441347287905245e+01
-3.434850030387956821e+01
-3.435754665281053377e+01
-3.435096627642865030e+01
-3.435997549154200215e+01
-3.438036018143372985e+01
-3.438835984014578884e+01
-3.440293599046034245e+01
-3.441580981507379988e+01
-3.443073842261170370e+01
-3.442191406946459153e+01
-3.442769413432848324e+01
-3.441880888086588897e+01
-3.439334008225115724e+01
-3.438256967457968472e+01
-3.437240625405664218e+01
-3.437387498354132020e+01
-3.439002436725238709e+01
-3.439041497563248129e+01
-3.439088636507848662e+01
-3.437697621088502586e+01
-3.438616891409436249e+01
-3.439987642841636983e+01
-3.439535724904921210e+01
-3.441698402844919968e+01
-3.440679114572878916e+01
-3.440416087605042605e+01
-3.440668165202245632e+01
-3.440743119094480562e+01
-3.440457964996741680e+01
-3.439493665458837768e+01
-3.440293587456478974e+01
-3.439553693260094036e+01
-3.439190426920190902e+01
-3.438562032857191753e+01
-3.439257524093893892e+01
-3.437864317653120594e+01
-3.438011309575700380e+01
-3.438419680333739592e+01
-3.437245938339170692e+01
-3.439531824520915393e+01
-3.440225932154723409e+01
-3.439296305046966751e+01
-3.440184807410982160e+01
-3.439897749965387419e+01
-3.439962083784189417e+01
-3.439936337396484589e+01
-3.440111628618253548e+01
-3.441623023770033996e+01
-3.441042750907660519e+01
-3.441345920795566826e+01
-3.440480032649486475e+01
-3.440294668304402848e+01
-3.439990525229271867e+01
-3.439955138633183651e+01
-3.438845345524723029e+01
-3.441091125295946540e+01
-3.440610668564551844e+01
-3.440302060438207121e+01
-3.440270419140204439e+01
-3.439780026033384530e+01
-3.441781570580284466e+01
-3.441256906269626370e+01
-3.442823597826281912e+01
-3.442709695737322306e+01
-3.442726051121125863e+01
-3.442337951926410256e+01
-3.444116600346461610e+01
-3.446177849733114584e+01
-3.447923359466851423e+01
-3.446081879254386848e+01
-3.446802711808255992e+01
-3.448259703250108288e+01
-3.447181596055696673e+01
-3.447287810670090380e+01
-3.446917821403923199e+01
-3.446098751481747513e+01
-3.446941403318020747e+01
-3.446055353047156444e+01
-3.445738866604335726e+01
-3.443355782199962789e+01
-3.441459963443612224e+01
-3.440066783250284743e+01
-3.441566873815760630e+01
-3.442749033187337204e+01
-3.442494412519789648e+01
-3.443064743080856260e+01
-3.442965471559342205e+01
-3.441934866501877366e+01
